25

221

508

534

753

930

973

998

1194

1325

1334

1401

1493

1512

1575

1618

1640

1648

1743

1803

1824

1917

1947

2396

2504

2535

2542

2622

2708

2798

2892

3326

3330

3349

3433

3597

3601

3753

3978

4405

4489

4646

4851

4871

4875

5060

5090

5169

5360

5360

5517

5559

5653

5827

5908

6284

6317

6570

6588

6662

6664

6712

6925

7087

7097

7130

7301

7321

7346

7348

7365

7392

7654

7788

7857

7900

7925

7937

8099

8138

8144

8145

8319

8419

8448

8494

8752

8801

8840

9002

9114

9275

9310

9372

9551

9818

9856

9859

9861

9888

9989

10103

10159

10250

10330

10351

10469

10568

10606

10695

10828

10865

10879

11086

11207

11293

11347

11412

11626

11942

11961

11983

12327

12329

12342

12422

12521

12564

12826

13042

13067

13141

13202

13379

13461

13546

13666

13684

13738

13984

13989

14102

14128

14211

14301

14377

14418

14424

14551

14592

14753

14766

14895

14962

14971

15101

15258

15531

15567

15580

15596

15622

15671

15744

15972

16005

16189

16201

16286

16405

16676

16884

16985

17014

17038

17138

17148

17204

17334

17473

17558

17560

17975

18158

18473

18566

18618

18862

18892

19107

19133

19149

19160

19329

19497

19515

19742

19764

19801

20002

20005

20119

20425

20445

20503

20506

20509

20512

20515

20587

20634

20672

21020

21297

21305

21494

21527

21753

21808

21887

21919

21983

22008

22016

22033

22048

22106

22510

22965

22993

23095

23323

23351

23383

23420

23506

23908

24079

24236

24314

24336

24401

24489

24593

24610

24872

24996

25323

25363

25407

25416

25427

25556

25901

25961

25987

26132

26276

26438

26469

26657

27021

27225

27231

27270

27278

27350

27351

27407

27461

27605

27623

27627

27752

27959

28191

28193

28279

28350

28353

28401

28415

28547

28575

28667

28737

28767

28792

28925

28991

29021

29238

29273

29279

29398

29541

29837

29869

29962

29980

30353

30372

30432

30585

30585

30611

30620

30623

30659

30673

30765

30814

30837

30922

31001

31148

31264

31266

31288

31326

31353

31540

31742

31849

31854

31930

31930

31970

32125

32130

32244

32270

32475

32480

32495

32690

32830

32868

32882

32958

32992

33030

33133

33167

33361

33505

33586

33686

33698

33940

34169

34251

34509

34526

34528

34751

34820

34964

35134

35307

35309

35404

35423

35617

35736

35760

35865

35928

35992

36080

36149

36639

36710

36773

36865

37070

37230

37335

37375

37409

37626

38089

38184

38292

38328

38509

38780

38810

38814

39044

39132

39462

39580

39606

39635

39702

39763

39959

40030

40152

40178

40205

40302

40340

40341

40364

40477

40537

40551

40643

40647

40706

40800

40974

40975

40992

41121

41130

41221

41235

41776

41859

41862

41950

42091

42185

42196

42236

42276

42295

42311

42316

42392

42439

42651

42656

42799

42878

42913

43114

43259

43261

43585

43708

43778

43796

43900

44002

44421

44451

44703

44728

44730

45174

45449

45547

45566

45619

45622

45655

45702

45731

46032

46051

46074

46124

46127

46265

46272

46330

46372

46557

46572

46655

46823

46929

46941

47090

47111

47258

47312

47350

47441

47555

47686

47794

47796

47814

47830

47957

48103

48112

48279

48359

48405

48541

48840

48873

48950

49064

49090

49195

49287

49288

49438

49465

49470

49496

49832

50019

50216

50400

50420

50486

50500

50710

50796

50827

50942

50979

50990

51079

51208

51253

51336

51471

51523

51524

51919

52104

52142

52231

52401

52513

52516

52608

52668

52690

53058

53182

53222

53243

53278

53303

53553

53735

53884

54337

54413

54531

54558

54852

54992

55045

55195

55222

55363

55589

55795

55827

55900

55953

55979

55986

56073

56166

56425

56449

56453

56463

56781

56784

56855

56862

56909

57031

57270

57284

57419

57420

57592

57667

58052

58127

58137

58141

58161

58185

58353

58411

58429

58530

58598

58893

58920

59169

59217

59255

59368

59624

59703

59830

59971

60054

60067

60276

60366

60778

60800

60860

60943

61008

61009

61019

61023

61159

61473

61507

61554

61713

61843

61914

62154

62201

62221

62236

62273

62289

62436

62490

62499

62737

62839

63177

63373

63406

63464

63500

63762

63942

64033

64037

64110

64254

64514

64518

64523

64575

64680

64686

64767

64832

64956

64996

65193

65316

65422

65603

65677

65857

65867

65905

66218

66657

66704

66706

66896

66973

67098

67284

67288

67300

67412

67419

67863

67907

67946

67999

68232

68442

68588

68617

68683

68732

68801

69047

69083

69366

69418

69428

69538

69672

69675

69743

70013

70106

70184

70299

70435

70531

70728

70816

70817

71321

71494

71584

71590

71775

71926

71969

72235

72333

72382

72390

72437

72819

72823

73012

73042

73183

73302

73539

73547

73633

74013

74253

74398

74446

74653

74669

74745

74813

74882

74937

75179

75255

75616

75756

75810

75969

76278

76422

76429

76465

76678

76685

76738

76740

76950

77005

77045

77085

77154

77409

77426

77438

77538

77581

77731

77882

77919

77975

78161

78203

78294

78505

78536

78615

78622

78711

78736

78770

78777

78926

78991

79251

79300

79358

79368

79455

79569

79581

79588

79676

79796

79905

79989

80130

80159

80290

80614

80619

80720

80745

80805

80854

80869

81016

81089

81232

81340

81439

81453

81503

81760

81833

82086

82303

82316

82564

82620

82635

82652

82766

82857

83203

83373

83403

83842

83910

84099

84105

84154

84235

84252

84300

84430

84441

85060

85101

85196

85329

85402

85741

86046

86219

86268

86326

86512

86563

86730

86763

86829

86856

87101

87448

87564

87943

87971

88112

88113

88180

88405

88689

88728

88863

88875

88911

88927

88939

88950

89124

89209

89238

89380

89383

89573

89641

89815

89839

89923

89989

90007

90039

90256

90270

90276

90554

90644

91005

91018

91218

91246

91446

91561

91590

91680

91691

91822

91823

91844

91954

91970

91989

92095

92097

92119

92286

92349

92356

92419

92444

92544

92623

92705

92715

92728

92779

92930

92939

92940

92996

93234

93378

93398

93455

93455

93661

93671

93765

93895

93942

93945

93951

94156

94286

94376

94482

94492

94631

94665

94728

94803

94935

94984

95088

95238

95287

95304

95465

95497

95572

95585

95658

95734

95807

96343

96458

96500

96560

96811

96842

96881

97118

97478

97534

97682

97706

97916

97952

98102

98353

98391

98424

98471

98592

98632

98681

98905

98954

99140

99258

99289

99343

99386

99434

99462

99572

99868

99972

99985

99997

100108

100394

100395

100452

100514

100595

100633

100657

100745

100796

100802

101021

101177

101198

101227

101229

101350

101578

101627

101826

101837

101837

101912

101956

102122

102127

102144

102439

102841

102939

102973

103098

103117

103278

103311

103517

103535

103608

103616

103672

103675

103790

104227

104262

104304

104373

104799

104838

105261

105278

105281

105575

105583

105597

105684

105686

105697

105967

106065

106226

106310

106503

106546

106731

106788

106802

106931

107046

107191

107214

107306

107500

107559

107731

107767

107855

107948

108022

108084

108125

108298

108477

108709

108754

108805

108810

109049

109065

109125

109287

109357

109569

109943

109974

110610

110756

110782

110808

110820

111169

111307

111427

111605

111638

111654

111707

111707

111759

111780

112159

112282

112311

112481

112595

112748

112813

112835

113157

113182

113410

113582

113616

113662

113875

114191

114349

114483

114631

114635

114647

114657

114776

114997

115009

115083

115267

115301

115431

115497

115498

115546

115574

115901

115944

116068

116172

116220

116251

116436

116510

116513

116515

116700

116975

117051

117295

117315

117315

117323

117324

117348

117439

117546

117552

117579

117620

117776

118067

118172

118501

118652

118678

118689

118701

118797

119116

119215

119378

119539

119841

119861

120011

120070

120081

120319

120370

120423

120462

120641

120692

120699

120705

120718

120719

120824

120923

120992

121014

121119

121319

121665

121830

121880

122047

122051

122108

122198

122283

122310

122317

122508

122556

122570

122935

123621

123625

123648

123690

123812

123822

124053

124153

124189

124337

124345

124454

124515

124569

124684

124758

124957

125183

125195

125347

125478

125505

125608

125689

125746

125798

125849

125882

125896

125924

125961

126080

126236

126262

126286

126455

126667

126785

126908

127035

127130

127158

127212

127437

127438

127508

127594

127610

127729

127753

127784

127860

127874

128246

128405

128426

128717

128814

128930

129216

129515

129582

130398

130697

130705

130906

130967

131397

131532

131593

131612

131780

131874

131951

132001

132199

132397

132409

132426

132452

132454

132469

132500

132515

132525

133083

133092

133241

133326

133410

133455

133685

133790

133915

133945

133983

134213

134327

134470

134765

134802

134823

134890

135036

135207

135271

135384

135567

135746

135789

135823

135851

135934

136081

136132

136135

136364

136402

136513

136574

136580

136727

137055

137103

137313

137315

137383

137541

137551

137565

137583

137656

137769

137857

137955

138043

138126

138135

138220

138240

138338

138492

138622

138823

138848

139022

139119

139316

139343

139385

139396

139470

139599

139846

140148

140350

140563

140582

140647

140716

140770

140828

140962

141065

141115

141158

141166

141375

141451

141534

141600

141817

141918

141920

141932

142087

142121

142158

142500

142613

142779

142804

142931

142955

143037

143150

143162

143184

143190

143342

143439

143491

143679

143739

143790

143827

144024

144246

144495

144624

144636

144685

144695

144937

145068

145310

145346

145677

145720

146010

146039

146239

146257

146383

146449

146460

146476

146607

146913

147129

147220

147372

147400

147822

148057

148304

148407

148433

148504

148552

148562

148605

149118

149144

149215

149251

149436

149509

149649

149933

149946

149986

149987

150023

150181

150336

150431

150545

150545

150623

150624

150813

150833

151089

151469

151470

151535

151766

151801

151985

151991

152035

152163

152244

152366

152399

152432

152615

153042

153115

153217

153335

153387

153639

153648

153656

153734

154187

154206

154304

154305

154337

154343

154475

154495

154541

154588

154754

154893

155117

155183

155296

155418

155641

155815

156094

156113

156367

156370

156461

156487

156683

156732

156880

156905

157071

157214

157235

157252

157403

157447

157484

157507

157523

157568

157642

157653

157741

157759

157816

157934

158030

158085

158255

158371

158483

158515

158585

158646

158836

159030

159221

159305

159397

159638

159706

159718

159842

159905

160011

160035

160132

160176

160208

160389

160440

160465

160479

160651

160835

160902

160925

160971

160982

161049

161385

161525

161545

161620

161708

161772

161928

161940

162079

162111

162209

162248

162319

162389

162427

162544

162709

162763

162914

162949

163081

163109

163456

163512

163591

163624

163741

164115

164326

164365

164455

164639

164744

164760

164788

164811

164866

165008

165035

165099

165178

165331

165357

165390

165567

165677

165717

165750

166230

166418

166447

166567

166633

166633

166674

166732

166843

166866

166902

167073

167096

167310

167543

167971

168237

168261

168402

168414

168444

168566

168604

168674

168737

168745

168752

168975

168995

169058

169318

169346

169538

169592

169779

169822

169906

170104

170147

170161

170264

170265

170381

170433

170550

170669

170672

170820

170928

170959

170970

171269

171449

171454

171704

172031

172051

172057

172095

172219

172529

172700

172735

172802

172878

172879

173120

173260

173298

173324

173326

173330

173438

173453

173629

173770

173784

174116

174408

174428

174547

174585

174590

174863

174947

175113

175160

175166

175238

175290

175523

175537

175622

175638

175693

175706

175720

175816

175908

176084

176234

176559

176648

176663

176958

177005

177136

177220

177502

177624

177842

178284

178433

178659

178801

178828

178893

178995

179354

179433

179479

179480

179556

179581

179808

179841

180051

180345

180414

180504

180679

180857

180888

181349

181662

181692

181759

181881

181977

182068

182298

182330

182340

182432

182736

182746

182807

183065

183106

183239

183600

183707

183735

183893

183925

183943

184357

184545

184561

184602

184709

184798

184823

184984

185127

185198

185291

185403

185449

185457

185669

185782

185872

185872

186071

186085

186116

186141

186150

186209

186266

186462

186539

186650

186779

186816

187022

187291

187328

187341

187341

187493

187511

187517

187707

187916

187954

187980

187984

188213

188272

188777

188885

188913

189017

189402

189440

189713

189821

189876

189915

190002

190034

190062

190136

190227

190563

190586

190704

190755

190849

190941

191013

191173

191317

191318

191467

191713

191817

191946

192104

192291

192350

192358

192386

192531

192573

192685

192816

192878

192896

192947

193087

193206

193217

193308

193384

193447

193482

193634

193769

193857

193982

194094

194122

194133

194270

194306

194309

194351

194381

194382

194420

194498

194838

195143

195194

195218

195472

195537

195539

195598

195665

195814

195866

195891

196002

196044

196234

196323

196383

196487

196577

196821

196915

197013

197260

197642

197649

197677

197699

197717

198031

198093

198122

198187

198199

198258

198297

198310

198318

198342

198342

198462

198568

198742

198818

198845

198982

198988

199027

199263

199277

199390

199584

199651

199732

199741

199749

199777

199901

200076

200130

200303

200416

200499

200513

200590

200640

200667

200913

200960

200977

201397

201473

201496

201531

201533

201657

201770

201804

202197

202203

202274

202310

202321

202338

202339

202405

202428

202479

202572

202973

203048

203360

203384

203471

203492

203565

203565

203566

203669

203776

203860

203964

204026

204038

204223

204426

204635

204755

204790

204792

205001

205028

205069

205073

205228

205284

205325

205417

205542

205556

205560

205650

205679

205860

205906

205907

206009

206368

206436

206625

206813

207001

207091

207238

207365

207427

207663

208046

208123

208196

208253

208375

208388

208468

208613

208749

208770

208788

208831

208861

208897

208910

209028

209143

209177

209311

209349

209664

209907

209927

210063

210073

210089

210101

210115

210251

210260

210326

210376

210461

210508

210632

210662

210869

210944

211072

211138

211143

211298

211321

211354

211362

211479

211493

211596

211795

211880

211883

211970

212184

212272

212273

212343

212352

212439

212578

212649

212739

212817

212902

213013

213022

213038

213063

213156

213400

213485

213548

213641

213909

213989

214114

214231

214266

214418

214462

214592

214685

214762

215066

215401

215510

215592

215713

215730

215844

215953

216078

216289

216377

216517

216618

217105

217187

217231

217496

217892

218238

218646

218666

218725

218737

219412

219417

219512

219529

219611

219626

219718

219883

219961

220101

220172

220183

220200

220359

220549

220554

220569

220589

220591

220592

220765

220858

220895

221012

221090

221163

221226

221359

221406

221421

221501

221547

221558

221577

221646

221727

221958

222003

222197

222212

222231

222244

222283

222298

222386

222454

222668

223105

223348

223378

223412

223550

223594

223619

223785

224260

224466

224718

224790

224899

224992

225064

225138

225197

225306

225430

225678

225738

225835

225932

226003

226028

226091

226239

226278

226293

226298

226411

226698

226721

227175

227268

227279

227736

227850

227954

228191

228332

228574

228649

228871

229210

229280

229385

229404

229516

229531

229956

230006

230072

230205

230262

230463

230794

230834

230842

230844

230914

230928

230941

230977

231063

231100

231189

231245

231361

231439

231485

231499

231742

231885

231906

232031

232079

232080

232279

232369

232787

232839

233019

233133

233162

233220

233287

233298

233299

233429

233456

233496

233538

233592

233675

233678

233791

233860

233942

234132

234273

234372

234546

234643

235004

235087

235147

235342

235547

235581

235619

235729

235831

235904

235915

235947

235970

235971

236366

236412

236485

236541

236549

236565

236627

236634

236681

236689

236694

236738

236885

236922

236946

236970

236989

237130

237354

237653

237753

237874

238051

238191

238439

238478

238482

238577

238598

238634

238914

238989

239027

239106

239108

239147

239428

239447

239467

239812

239975

240030

240100

240225

240240

240259

240608

240637

240692

240791

240949

240956

240995

241182

241227

241405

241421

241466

241497

241551

241554

241565

241722

241793

241816

241933

241936

241960

242049

242213

242498

242565

242921

242963

243002

243056

243074

243217

243325

243426

243735

243927

243929

244094

244198

244454

244583

244587

244702

244792

244981

245014

245018

245271

245328

245592

245595

245613

245664

245875

245965

246108

246129

246146

246425

246443

246483

246514

246534

246546

246842

247144

247251

247251

247394

247477

247531

247544

247616

247729

247745

247829

247857

247942

247992

248048

248057

248095

248130

248210

248393

248552

248700

248748

248901

248920

248922

249088

249102

249144

249185

249425

249594

249936

249997

250047

250109

250144

250145

250348

250485

250512

250566

250797

250836

250862

250874

250949

250980

251017

251037

251502

251709

251778

251794

251812

251845

251870

251957

251993

252037

252104

252260

252264

252273

252285

252370

252500

252512

252576

252671

252774

252842

253085

253147

253233

253305

253335

253367

253401

253600

253657

253835

253948

254142

254336

254369

255062

255185

255302

255400

255526

255562

255618

255665

255687

255766

256155

256379

256393

256430

256556

256567

256809

256809

257027

257103

257360

257621

257717

257752

257909

258127

258127

258152

258184

258232

258333

258378

258409

258502

258537

258817

258928

258954

259096

259110

259159

259186

259215

259487

259496

259505

259529

259587

259595

259607

259643

259703

259719

260147

260248

260279

260287

260371

260423

260438

260532

260564

260688

260803

260892

261153

261316

261374

261378

261492

261858

261874

261964

262138

262513

262530

262631

262664

262693

262887

263018

263096

263115

263169

263465

263688

263767

263780

263818

263914

264026

264161

264248

264355

264380

264651

264925

264964

265093

265134

265239

265419

265779

266322

266322

266346

266357

266417

266434

266445

266659

266887

266892

266940

267003

267152

267225

267650

267668

267747

267985

268046

268139

268355

268379

268689

268826

268892

269128

269151

269265

269296

269305

269312

269372

269473

269582

269654

269707

270084

270278

270365

270421

270784

270823

270824

271015

271270

271293

271730

271801

271883

271998

272021

272027

272157

272183

272191

272269

272326

272339

272346

272369

272778

272879

272905

273118

273135

273154

273171

273249

273405

273448

273587

273623

273706

273757

273787

273835

273929

274050

274244

274382

274462

274484

274492

274632

274657

274677

274702

274749

274776

274798

274834

274849

275005

275087

275098

275291

275305

275315

275378

275807

275837

275889

276095

276203

276378

276384

276476

276550

276818

276846

276998

277136

277163

277293

277346

277358

277453

277505

277608

277800

278075

278139

278324

278382

278411

278426

278436

278438

278579

278655

278742

278910

278968

279425

279481

279677

279706

280366

280648

280692

280802

280836

280839

280950

280983

281151

281218

281272

281314

281328

281376

281469

281576

281729

281817

281820

281841

281936

281983

282021

282127

282204

282228

282355

282359

282541

282587

282613

282650

282678

282886

282924

283358

283438

283602

283645

283723

283886

283890

284064

284145

284188

284208

284276

284423

284521

284629

284667

284888

285021

285671

285738

285808

285827

285836

285982

286013

286039

286069

286142

286396

286511

286580

286642

286667

286744

286928

286965

287027

287256

287359

287389

287402

287545

287571

287826

287861

287958

288038

288047

288085

288195

288214

288216

288222

288311

288475

288786

288829

288944

288976

288992

289096

289198

289211

289265

289329

289517

289662

289671

290428

290446

290605

290956

291033

291051

291239

291532

291739

291768

292096

292305

292311

292329

292514

292522

292653

292670

292691

292855

293220

293221

293280

293419

293470

293497

293539

293564

293591

293674

293710

293743

293754

293840

294267

294282

294328

294393

294655

294747

294762

294782

294974

295301

295317

295341

295373

295374

295385

295681

295750

295819

296001

296063

296070

296088

296126

296310

296325

296325

296393

296519

296528

296710

296773

297024

297041

297070

297096

297141

297263

297349

297392

297564

297754

297923

297937

297992

298123

298246

298357

298407

298532

298543

298593

298645

298728

298873

298886

299126

299179

299236

299257

299306

299393

299470

299505

299505

299587

299736

299898

299933

300616

300730

300947

301010

301039

301146

301205

301314

301314

301406

301624

301814

301919

301972

302007

302079

302087

302218

302366

302598

302612

302695

302733

302990

303159

303211

303437

303464

303677

303678

303748

303874

304024

304137

304207

304226

304308

304418

304467

304620

304624

304626

304682

305074

305103

305258

305280

305341

305342

305395

305492

305543

305714

305748

305904

306120

306153

306157

306162

306303

306362

306698

306700

306741

306746

306762

306763

306950

307073

307101

307145

307302

307361

307569

307671

307824

308074

308103

308161

308183

308223

308250

308293

308317

308455

308506

308611

308679

308801

308829

308916

309030

309036

309044

309131

309270

309603

309658

309734

309745

309939

310091

310163

310214

310253

310283

310312

310420

310434

310736

310837

310871

311063

311163

311188

311323

311394

311441

311557

311557

311616

311694

311738

311845

311935

312068

312246

312266

312268

312288

312394

312458

312469

312559

312827

313144

313199

313236

313288

313296

313319

313354

313388

313602

313872

313991

314081

314188

314294

314427

314456

314522

314627

314814

315053

315147

315242

315661

315908

316016

316124

316329

316963

317208

317257

317326

317476

317495

317605

317691

317737

317746

317815

318160

318346

318506

318564

318679

318680

318704

318749

318767

318836

318843

318876

318927

318943

319027

319508

319522

319588

319646

319709

319712

319966

319971

320036

320191

320470

320483

320632

320669

320748

320905

321133

321354

321496

321541

321568

321576

321755

322101

322216

322416

322478

322516

322522

322858

323124

323140

323311

323612

323735

323793

323861

324119

324269

324424

324617

324787

325022

325058

325062

325076

325168

325656

325746

325971

325982

325990

326129

326235

326449

326529

326574

326581

326743

326868

327177

327206

327274

327549

327618

327753

327836

327946

328002

328279

328633

328689

328760

328798

328873

328965

328965

329130

329268

329323

329455

329480

329707

329796

329924

330018

330032

330047

330138

330212

330361

330532

330608

330789

330852

330892

330972

330999

331109

331477

331507

331556

331592

331687

331734

331784

331892

331934

332063

332081

332124

332134

332154

332178

332344

332408

332468

332592

332727

332833

332856

332883

332911

333204

333467

333726

333729

333817

333820

333894

333935

334051

334275

334798

334938

334952

334967

334985

334996

335085

335177

335180

335237

335277

335463

335506

335544

335569

335694

335805

335847

335866

335906

336012

336293

336293

336348

336489

336580

336809

336889

336991

337041

337087

337278

337347

337509

337636

337669

337688

337711

337736

337916

337978

338024

338119

338145

338172

338316

338500

338570

338825

338868

339068

339069

339327

339516

339560

339587

339695

339859

339984

340105

340116

340160

340219

340283

340697

340909

340969

341035

341120

341504

341522

341564

341858

342126

342157

342173

342227

342306

342339

342468

342476

342564

342648

342723

342734

342894

342907

342966

343008

343032

343132

343151

343531

343819

343929

344026

344094

344123

344161

344172

344378

344449

344503

344703

344788

344868

345009

345065

345102

345221

345222

345226

345226

345384

345477

345689

345814

345994

346026

346042

346079

346218

346225

346273

346290

346558

346687

346722

346737

346845

346903

346940

347002

347140

347177

347262

347306

347437

347462

347484

347721

347809

347831

347917

348050

348201

348592

348603

348639

348676

348864

348880

348964

349125

349215

349217

349666

349729

350069

350213

350215

350246

350538

350623

350768

350868

351033

351118

351238

351548

351765

351947

352182

352258

352292

352527

352805

352858

353142

353151

353230

353268

353278

353311

353355

353377

353474

353878

353992

354238

354243

354362

354401

354444

354850

354877

354941

355271

355338

355503

355521

355544

355558

355573

355593

355645

355689

355768

355823

356429

356493

356496

356620

356779

356836

356965

356997

356998

357045

357075

357199

357261

357270

357429

357442

357483

357683

357984

357992

358038

358057

358188

358239

358280

358432

358563

358593

358685

358691

358705

358705

358724

358867

358999

359056

359068

359088

359208

359221

359301

359351

359368

359565

359869

359898

359980

360030

360069

360118

360310

360544

360562

360563

360813

360834

360839

360840

360859

360972

361406

361487

361640

361658

361705

362053

362063

362302

362389

362390

362431

362495

362572

362853

363025

363186

363260

363311

363317

363352

363605

363780

363807

363851

363909

363913

363933

364018

364170

364192

364354

364413

364436

364563

364645

364652

364743

364873

364976

365277

365339

365438

365440

365510

365641

365688

365702

365814

365868

365874

365989

366090

366122

366126

366727

366729

366733

366751

366919

366960

367126

367464

368061

368271

368280

368342

368673

368890

368891

368931

368945

368958

368968

369062

369066

369129

369151

369234

369280

369325

369365

369388

369495

369525

369670

369709

369786

369899

370035

370092

370157

370228

370323

370328

370406

370576

370589

370593

370659

370747

370823

371072

371138

371163

371292

371649

371721

371723

371815

371926

371983

372055

372383

372412

372650

372699

372749

372762

372834

372986

373009

373149

373312

373533

373907

373921

373996

374039

374171

374207

374275

374310

374352

374444

374633

374655

374746

374750

375047

375345

375392

375407

375511

375686

375751

375789

375792

375922

376001

376099

376180

376355

376637

376728

376811

376953

376985

377015

377093

377308

377412

377457

377528

377590

377686

377745

377791

377868

378007

378012

378091

378250

378319

378319

378468

378474

378669

378760

378805

378879

378930

379082

379142

379188

379241

379387

379417

379640

379732

379746

379757

379761

379960

380031

380192

380264

380342

380472

380492

380504

380608

380637

380777

380975

381158

381255

381327

381514

381585

381736

381738

381769

382187

382314

382335

382428

382466

382570

382835

382863

382953

383251

383274

383291

383305

383319

383371

383376

383420

383446

383887

383966

384018

384042

384072

384224

384371

384533

384547

384576

384634

384741

384842

384942

384995

385124

385269

385334

385534

385704

385778

385911

386063

386089

386239

386261

386321

386369

386465

386651

386786

386814

387023

387156

387319

387411

387719

387774

387966

387994

388050

388154

388168

388441

388716

388738

388781

388892

388938

389098

389119

389332

389335

389374

389703

389757

389822

389834

389840

389966

389988

390233

390278

390360

390482

390549

390692

390721

390750

390839

391080

391155

391288

391532

391569

391622

391651

391738

391778

391874

391913

391930

391942

392056

392080

392101

392214

392284

392290

392501

392506

392547

392730

393009

393056

393090

393241

393285

393432

393529

393794

393834

393850

393926

393950

393985

394228

394433

394447

394537

394542

394668

394845

394908

395190

395292

395310

395409

395451

395549

395640

395679

395688

395694

395857

396001

396008

396047

396336

396533

396540

396616

396738

396742

396767

396873

396882

396921

397005

397151

397218

397389

397472

397560

397615

397795

397910

397915

397933

397952

398004

398140

398233

398333

398382

398403

398552

398862

398866

398889

399188

399217

399240

399309

399472

399580

399767

399911

400042

400043

400052

400116

400118

400234

400546

400588

401017

401067

401205

401300

401334

401352

401428

401511

401637

402071

402140

402221

402264

402323

402387

402486

402540

402864

402913

402940

402963

403014

403069

403222

403253

403291

403458

403539

403778

403853

403968

404009

404037

404056

404061

404228

404346

404495

404498

404616

404686

404826

404891

404930

404972

405137

405153

405198

405202

405216

405484

405559

405606

405701

405746

406235

406287

406326

406474

406508

406555

406805

406959

407004

407041

407186

407339

407551

407576

407710

407757

407966

408209

408351

408389

408579

408671

408690

408745

408954

409008

409059

409108

409189

409259

409301

409344

409551

409633

409742

409748

409807

409812

409960

410006

410021

410159

410333

410338

410398

410429

410543

410592

410642

410659

410735

410766

410780

410825

411052

411447

411680

411703

412034

412056

412244

412276

412320

412376

412379

412401

412417

412478

412507

412542

412569

412577

412758

412827

413071

413127

413130

413155

413338

413503

413609

413657

413671

413761

413852

413905

413957

413994

414006

414095

414192

414229

414298

414307

414381

414648

414717

414867

414950

414984

415043

415141

415271

415486

415547

415692

415749

415808

415872

415889

415892

416227

416266

416309

416620

416756

416808

416855

416882

416920

417030

417189

417242

417257

417512

417597

417640

417833

417836

418000

418091

418214

418411

418453

418576

418719

418730

418836

419112

419114

419169

419220

419332

419478

419583

419628

419751

419908

419929

419931

420019

420130

420195

420694

420731

420883

421151

421506

422033

422134

422202

422491

422531

422569

422724

422774

422819

423011

423080

423302

423353

423573

423640

423768

423802

423931

424121

424159

424235

424403

424429

424480

424552

424676

424728

424867

424963

425036

425043

425071

425168

425248

425296

425339

425373

425517

425533

425564

425577

425644

425669

425967

425992

426102

426141

426221

426258

426311

426335

426392

426412

426436

426538

426669

426709

426744

426747

426800

426847

426873

426930

426941

426945

426967

426985

427026

427218

427259

427434

427456

427516

427697

427758

428216

428459

428483

428564

428693

428772

428894

429017

429129

429222

429276

429388

429410

429421

429465

429533

429604

429805

429934

429941

429971

429987

430001

430135

430180

430237

430251

430267

430362

430721

430773

430906

430955

431125

431169

431197

431246

431391

431467

431506

431623

431683

431782

432234

432352

432401

432502

432625

432659

432713

432715

432761

432907

432928

433254

433565

433754

433773

433794

434004

434052

434155

434367

434384

434715

434734

434794

434843

434865

435028

435130

435319

435343

435348

435571

435634

435674

435691

435728

435759

435901

436043

436066

436216

436249

436396

436481

436488

436649

436672

436781

436836

436979

437050

437159

437251

437375

437406

437462

437537

437559

437559

437704

437815

437841

437968

438056

438262

438375

438452

438459

438460

438497

438522

438559

438588

438766

438857

439087

439142

439265

439270

439501

439509

439555

439643

439879

439911

440112

440158

440352

440411

440622

440622

440647

440823

440825

440837

440980

441066

441338

441488

441724

441755

441802

441880

442110

442228

442350

442428

442787

442802

442851

442870

442899

442907

443120

443319

443468

443472

443564

444322

444408

444423

444515

444539

444602

444630

445024

445050

445126

445420

445475

445546

445590

445593

445666

445728

445899

446179

446341

446392

446514

446552

446994

447062

447081

447270

447554

447694

447767

447864

447888

447906

447959

447985

448091

448120

448154

448180

448340

448361

448443

448455

448457

448527

448631

448651

448772

448804

448901

449008

449165

449256

449342

449401

449413

449433

449692

449765

449806

449900

449916

449999

450062

450102

450264

450295

450330

450680

450753

450954

450981

451020

451035

451115

451134

451142

451154

451190

451276

451341

451414

451419

451523

451617

451625

451872

451901

452085

452159

452438

452637

452743

452860

452894

452900

452975

453020

453032

453214

453335

453383

453389

453390

453404

453469

453599

453743

453822

453823

453913

453925

453960

454068

454117

454118

454174

454518

454559

454633

454823

455094

455098

455150

455263

455264

455322

455339

455352

455404

455461

455659

455736

456046

456323

456347

456400

456664

456850

456986

457125

457190

457212

457215

457324

457474

457519

457538

457618

457713

457853

458129

458141

458282

458283

458344

458456

458463

458468

458594

458678

458800

458813

458877

458894

458904

458992

458997

459048

459183

459224

459318

459376

459437

459442

459472

459498

459565

459569

459586

459726

459819

459877

459934

460108

460148

460244

460311

460323

460636

460649

460676

460737

460788

460796

460887

460916

461074

461098

461141

461270

461296

461611

461827

461878

461969

461978

462294

462603

463074

463265

463302

463326

463352

463429

463488

463511

463743

463816

463834

463850

463998

464108

464281

464336

464417

464448

464568

464608

464896

465172

465310

465330

465455

465701

465737

465894

466149

466361

466832

466906

467453

467572

467599

467628

467733

467753

468079

468365

468462

468464

468519

468608

468651

468733

468792

469062

469167

469172

469353

469464

469507

469542

469571

469705

469783

469800

469924

470172

470225

470318

470546

470598

470598

470636

470690

471117

471176

471243

471348

471668

471679

471726

471753

471803

471815

471873

471955

472182

472187

472229

472350

472462

472471

472647

472662

472761

472804

472938

472977

472991

473088

473119

473190

473239

473250

473296

473633

473668

473799

473837

474021

474118

474134

474194

474274

474411

474436

474524

474557

474650

474662

474755

474803

474847

475085

475132

475279

475306

475398

475435

475473

476246

476295

476364

476552

476602

476929

476977

477186

477218

477393

477449

477456

477496

477532

477969

477998

478292

478301

478431

478468

478504

478578

478578

478718

478912

478939

478988

479197

479377

479400

479659

479732

479762

480104

480320

480479

480539

480585

480589

480632

480728

480771

480939

480987

481214

481310

481694

481774

481793

481848

481855

481996

482095

482106

482272

482293

482349

482477

482535

482568

482652

482783

482889

482957

482984

483068

483130

483140

483226

483236

483317

483358

483362

483512

483519

483544

483713

483775

483814

483883

483901

483919

483971

484172

484234

484320

484379

484824

485091

485095

485205

485230

485333

485407

485432

485894

486029

486140

486193

486244

486267

486354

486542

486772

486774

486850

486851

486998

487044

487089

487135

487218

487350

487445

487454

487563

487569

487644

487803

487835

488007

488046

488225

488333

488409

488731

488801

488972

489006

489029

489059

489280

489544

489641

489688

489705

489719

489868

489887

489888

489929

489969

490091

490101

490202

490232

490289

490334

490409

490650

490653

490667

490814

491054

491150

491216

491364

491442

491602

491675

491692

491708

491783

491813

491816

491831

491859

491901

491911

492003

492025

492138

492274

492374

492489

492575

492584

492657

492700

492974

493000

493083

493213

493237

493286

493342

493529

493581

493636

493659

493669

493694

493734

493904

494070

494268

494335

494459

494548

494599

494604

494793

495381

495499

495507

495738

495796

495883

495984

496055

496216

496238

496333

496504

496790

496860

496947

496967

496998

497128

497229

497343

497423

497469

497754

497772

497889

497912

498006

498020

498130

498140

498160

498176

498421

498443

498603

498663

498697

498746

498790

498841

498851

499031

499053

499057

499375

499430

499438

499481

499491

499596

499960

500038

500050

500118

500239

500257

500600

500633

500764

500835

501088

501104

501149

501356

501621

501622

501679

501684

501685

501788

501942

502125

502141

502241

502261

502309

502508

502570

502620

502637

502648

502690

502822

503005

503078

503105

503288

503316

503324

503438

503490

503623

503791

503815

504004

504173

504275

504487

504509

504510

504553

504673

504690

504708

504743

504824

504926

505184

505255

505327

505373

505442

505480

505605

505660

505739

505799

505898

506088

506137

506244

506245

506294

506325

506399

506473

506480

506676

506720

506757

507034

507383

507469

507603

507895

507899

507956

508063

508141

508168

508237

508355

508384

508396

508797

508975

509178

509191

509207

509315

509618

510011

510054

510117

510426

510465

510618

510704

510802

510864

510920

510990

511195

511293

511465

511678

511812

511893

512092

512096

512238

512288

512430

512705

512708

512772

513002

513039

513104

513252

513313

513333

513484

513489

513574

513580

513603

513625

513747

513799

513871

513889

513989

514155

514157

514296

514387

514649

514698

514704

514903

514948

515142

515397

515533

515683

515685

515686

515770

515851

515869

516005

516081

516239

516399

516407

516416

516491

516642

516657

516694

516767

516855

516919

517358

517384

517391

517487

517511

517523

517668

517694

517986

518012

518154

518163

518411

518473

518579

518639

518671

518843

518875

518902

519189

519230

519276

519294

519528

519539

519545

519661

519756

519786

520077

520139

520200

520317

520448

520458

520474

520636

520673

520728

520827

520846

520883

521035

521223

521268

521277

521304

521414

521443

521503

521513

521547

521620

521654

521690

521694

521748

522133

522139

522171

522226

522393

522438

522465

522522

522675

522712

522778

522861

522889

522900

523177

523413

523526

523721

523742

523900

524124

524170

524184

524224

524278

524450

524468

524494

524496

524654

524671

524788

524926

525039

525070

525077

525170

525199

525250

525403

525407

525451

525465

525505

525512

525625

525699

525737

525754

525768

525771

525847

525984

526018

526033

526059

526093

526147

526187

526225

526362

526593

526715

526897

526988

527019

527126

527220

527441

527466

527543

527570

527665

527942

528024

528132

528271

528776

529159

529171

529179

529263

529361

529424

529433

529491

529634

529850

529958

529984

529990

530218

530467

530632

530681

530757

530857

530938

531205

531227

531262

531413

531531

531552

531560

531612

531659

531681

531906

532199

532363

532582

532640

532837

532855

532921

532974

533071

533151

533332

533571

533586

533823

534064

534310

534327

534382

534420

534426

534433

534441

534454

534629

534917

534957

534968

535056

535089

535110

535160

535260

535329

535367

535706

535937

536009

536377

536583

536663

536860

537102

537247

537566

537680

537922

538054

538156

538332

538436

538463

538765

538797

538868

538911

538972

539042

539294

539298

539311

539474

539525

539596

539822

540056

540165

540167

540242

540266

540590

540650

541116

541292

541417

541550

541560

541623

541669

541764

541857

541883

541935

542311

542343

542355

542404

542414

542448

542629

542761

542843

542888

542925

542954

543018

543042

543242

543259

543432

543751

543857

543938

543994

544125

544137

544188

544192

544284

544319

544335

544530

544624

544665

544682

544704

544730

544776

544876

544989

545309

545673

546032

546093

546212

546259

546335

546392

546501

546503

546629

546793

546831

546984

547004

547273

547447

547526

547609

547631

547646

547655

547669

547814

547822

547868

548020

548077

548142

548145

548251

548431

548753

548773

549094

549105

549125

549151

549229

549280

549286

549306

549311

549731

549914

549924

549942

550001

550045

550101

550253

550271

550320

550375

550389

550458

550563

550570

550832

550873

550889

551082

551294

551322

551421

551437

551463

551490

551562

551579

551622

551734

551816

551817

552084

552089

552163

552239

552276

552397

552550

552656

552879

552894

552986

553012

553047

553049

553178

553179

553273

553394

553696

553725

553960

554007

554039

554155

554317

554347

554376

554413

554440

554479

554572

554883

554972

554989

555079

555109

555268

555308

555367

555409

555502

555535

555672

555684

555737

555763

555768

555852

555935

555969

555980

556077

556120

556188

556220

556377

556612

556643

556656

556824

557166

557168

557177

557385

557466

557568

557639

557640

557722

557851

557894

557906

557988

558162

558231

558305

558310

558493

558495

558654

558851

559008

559038

559111

559198

559201

559205

559225

559398

559408

559424

559562

559634

559912

560061

560211

560269

560324

560528

560586

560904

560949

561080

561097

561115

561177

561193

561245

561272

561286

561299

561344

561471

561484

561606

561641

561998

562006

562128

562255

562339

562388

562505

562598

562735

562823

562873

562890

562998

563023

563024

563068

563146

563237

563243

563438

563567

563688

563884

563929

563986

564308

564475

564632

564695

564761

564767

564939

564995

565080

565162

565173

565266

565474

565531

565967

565975

566244

566248

566352

566632

566711

566812

566819

566906

566914

567005

567073

567392

567561

567634

567655

567833

567952

568052

568103

568250

568443

568574

568708

568718

568843

569021

569142

569156

569182

569189

569297

569922

569937

570099

570185

570342

570357

570373

570407

570448

570532

570581

570680

570719

570774

570813

570916

570998

571213

571223

571293

571295

571411

571633

571722

571888

571994

572001

572062

572096

572214

572325

572397

572402

572439

572785

572853

572919

573142

573170

573180

573292

573440

573487

573569

573601

573657

573774

573917

573935

574074

574150

574164

574168

574373

574665

574699

574810

574946

574993

575017

575054

575115

575212

575325

575371

575419

575881

575984

576123

576174

576279

576305

576420

576454

576516

576570

576607

576612

576697

576886

576947

576985

577020

577203

577345

577403

577530

577635

577684

578119

578221

578285

578334

578340

578369

578435

578504

578532

578577

578599

578725

578812

579018

579087

579134

579371

579485

579683

579714

579943

579978

580007

580070

580225

580492

580747

581114

581410

581462

581493

581580

581640

581800

581908

581950

582607

582721

582810

582853

582945

583103

583153

583153

583180

583187

583260

583279

583456

583552

583900

584074

584180

584212

584525

584696

585127

585127

585259

585287

585305

585390

585595

585698

585699

585780

585808

585841

585952

586092

586100

586139

586434

586600

586694

586842

586885

587410

587729

587865

587879

588054

588241

588479

588867

588930

588990

589130

589260

589405

589481

589500

589641

589788

589823

589927

590083

590112

590608

590631

590631

590701

590739

590839

590896

591046

591081

591137

591138

591314

591363

591498

591539

591581

591665

591726

591744

591814

591888

592041

592330

592402

592565

592767

592784

593086

593087

593090

593111

593138

593164

593349

593471

593570

593674

593726

593783

593823

593996

594002

594274

594358

594415

594455

594471

594545

594653

594848

594938

595069

595089

595239

595253

595258

595425

595478

595596

595751

595880

595904

595968

596076

596101

596352

596458

596499

596510

596518

596521

596618

596619

596717

596719

596743

596797

596851

596924

596931

597007

597058

597156

597165

597352

597436

597668

598002

598025

598039

598097

598134

598175

598197

598274

598605

598766

598775

598999

599008

599045

599175

599426

599546

599604

599663

599807

599882

599895

599932

600016

600028

600040

600137

600297

600362

600371

600690

600766

600821

601006

601009

601226

601363

601377

601646

601756

601831

602018

602040

602067

602131

602144

602239

602248

602264

602298

602325

602349

602816

603007

603028

603126

603164

603222

603461

603549

603718

603724

603727

603774

603839

604092

604177

604302

604328

604345

604753

604774

604834

604838

604858

604998

605003

605072

605091

605260

605514

605584

605653

605694

605908

605945

606045

606072

606182

606256

606324

606455

606515

606519

606545

606548

606578

606775

606776

606926

607016

607152

607219

607249

607471

607481

607505

607667

607737

607803

607933

607952

608029

608209

608339

608374

608388

608503

608601

608637

608672

608735

608757

608908

608968

609498

609640

609693

609719

609878

609956

610089

610422

610528

610591

610704

610908

610922

611023

611045

611071

611181

611220

611269

611714

611857

611872

612161

612281

612322

612436

612794

613016

613169

613505

613534

613581

613633

613663

613734

613844

613974

614077

614264

614264

614268

614318

614328

614648

614686

614746

614759

614759

614781

614887

614984

615134

615139

615215

615250

615402

615420

615600

615758

615767

615887

615928

615983

616057

616182

616199

616287

616391

616665

616775

616920

617006

617134

617272

617304

617541

617601

617675

617681

617819

617841

617878

617904

617942

618342

618518

618518

618554

618577

618640

619063

619116

619349

619400

619454

619505

619557

620031

620116

620148

620258

620259

620484

620597

620679

620682

620728

620755

621343

621388

621759

622106

622140

622506

622676

622701

622710

622729

622732

622908

622991

623014

623024

623050

623117

623124

623161

623336

623451

623510

623660

623701

623849

623980

623984

624088

624113

624153

624187

624214

624258

624346

624507

624562

624657

624885

625023

625143

625174

625472

625478

625553

625611

625833

625857

625862

625910

626128

626139

626204

626221

626323

626396

626502

626503

626606

626836

627052

627146

627167

627179

627217

627245

627314

627314

627334

627436

627491

627738

627917

628036

628114

628301

628312

628350

628484

628514

628645

628726

628853

628894

629001

629023

629279

629307

629457

629486

629873

629988

630132

630576

630580

630647

630666

630751

631016

631105

631227

631274

631414

631889

632234

632649

632725

632808

632820

632854

632918

633260

633410

633421

633429

633475

633572

633588

633626

633844

633973

634011

634019

634229

634386

634409

634471

634525

634525

634678

634720

634745

635194

635241

635316

635341

635352

635383

635523

635704

635704

635728

635731

635877

635894

636010

636355

636493

636562

636587

636757

637162

637182

637194

637281

637330

637385

637414

637420

638008

638080

638641

638698

638815

638829

638954

639402

639567

639663

639681

639681

639812

639818

639975

640099

640103

640144

640170

640373

640392

640446

640504

640709

640813

641136

641268

641367

641549

641589

642085

642197

642200

642270

642327

642394

642629

642638

642758

642801

642943

642973

643106

643117

643118

643118

643415

643561

643706

643732

643765

643946

644107

644410

644449

644558

644672

644738

644781

644826

644874

645167

645255

645589

645992

646006

646026

646117

646243

646258

646670

646706

646713

646749

646900

647086

647325

647929

648055

648209

648250

648255

648897

649120

649216

649290

649518

649553

649559

649598

649715

649871

649917

649925

649935

650024

650122

650193

650222

650238

650425

650622

650663

650769

650809

650837

650932

650999

651021

651040

651093

651338

651360

651525

651580

651590

651678

651740

651789

652009

652084

652217

652261

652300

652309

652472

652474

652908

652933

653051

653297

653307

653370

653427

653661

653759

654255

654310

654553

654639

654665

654692

654745

654828

655033

655290

655472

655512

655586

655592

655663

655881

656081

656211

656226

656470

656490

656977

657027

657082

657092

657169

657329

657340

657604

657724

657724

657748

657751

657766

657768

657771

657913

658103

658208

658235

658249

658308

658460

658666

658725

658902

658924

658944

658984

659128

659135

659207

659229

659230

659348

659409

659641

659644

659822

659877

659954

659991

660112

660478

660484

660493

660682

661052

661183

661224

661349

661389

661434

661594

661739

661756

661759

661798

661825

661993

662145

662281

662308

662326

662337

662436

662489

662497

662566

662683

662721

662770

662796

662915

662945

662993

663136

663271

663546

663674

663690

663764

663787

663871

663886

663983

664169

664176

664209

664238

664245

664295

664314

664620

664630

664742

664835

664842

664923

664930

664990

665126

665188

665219

665251

665470

665731

665768

665997

666114

666139

666235

666501

666727

666752

666860

666891

666926

666946

667066

667138

667201

667274

667297

667333

667505

667610

667771

667894

667951

668070

668278

668313

668335

668470

668772

668837

668912

668999

669277

669288

669300

669462

669574

669768

669813

669871

669878

669938

670059

670138

670142

670305

670485

670558

670578

670677

670756

670989

671040

671097

671101

671109

671204

671252

671253

671417

671428

671451

671530

671537

671546

671601

671703

671893

671957

672206

672383

672406

672444

672551

672690

672841

672894

673167

673208

673253

673527

673848

674101

674222

674286

674423

674437

674601

674706

674730

674831

675157

675193

675297

675316

675319

675639

675697

675718

675721

675914

676085

676178

676180

676345

676520

676583

676604

676666

676686

676704

676722

676855

676863

677121

677393

677628

677650

677663

677692

677722

677858

677889

677982

678048

678076

678166

678185

678269

678431

678494

678564

678641

678682

678716

678735

678763

678956

678989

679108

679270

679530

679571

679584

679627

679769

679797

679825

679884

679954

679984

680282

680399

680503

680592

680603

680674

680677

680720

680757

680773

680873

680904

681040

681152

681376

681434

681441

681495

681545

681707

681740

681748

681770

681994

682019

682090

682140

682212

682213

682542

682551

682565

682664

682714

682755

682913

683234

683406

683518

683546

683581

683705

683706

683765

683977

684082

684141

684207

684595

684644

684750

684770

684794

684878

684903

685104

685125

685150

685215

685433

685439

685638

685884

685959

686028

686489

686662

686737

686756

686785

686943

686951

686979

687000

687143

687228

687250

687383

687576

687692

687698

687703

687745

687824

687939

687950

687983

687989

688069

688087

688134

688321

688410

688467

688508

688538

688554

688589

688749

688977

688978

689031

689156

689201

689376

689405

689461

689645

689715

689822

689891

689908

690118

690275

690333

690402

690478

690637

690707

691287

691450

691471

691686

691739

691913

691922

691970

691992

692121

692156

692210

692341

692470

692539

692569

692597

692714

692757

692830

692839

692870

693123

693145

693217

693307

693466

693605

693606

693666

693911

693954

694023

694342

694450

694570

695003

695035

695035

695077

695117

695260

695323

695391

695441

695455

695933

695988

696282

696285

696352

696515

696853

696917

696923

696927

697209

697212

697295

697494

697525

697640

697649

697655

697740

697783

697823

697830

698194

698202

698225

698245

698291

698323

698482

698527

698559

698675

698682

698703

698739

698787

698935

699353

699569

699686

699739

699772

699789

700025

700100

700139

700279

700424

700443

700589

700594

700888

701161

701217

701294

701324

701371

701510

701597

702000

702046

702087

702101

702249

702409

702459

702674

702746

702777

702821

702871

703015

703286

703625

703670

703725

703756

703821

703894

703909

703999

704000

704085

704300

704311

704370

704510

704596

704614

704621

704825

704924

704942

704967

704972

705173

705269

705316

705399

705419

705646

705682

705763

705846

706418

706462

706523

706718

706981

707150

707236

707380

707397

707575

707626

707706

707829

707886

707952

708042

708147

708296

708344

708573

708574

708699

708714

708870

708893

708893

709107

709374

709541

709551

709567

709595

709668

709753

710010

710186

710315

710317

710379

710415

710571

710583

710605

710714

710996

711140

711211

711299

711404

711486

711505

711586

711907

712076

712256

712425

712648

712668

712730

712843

712955

713064

713077

713101

713153

713786

713876

713980

714065

714119

714304

714352

714406

714417

714498

714569

714725

714816

715060

715145

715193

715396

715413

715569

715741

715876

715901

716086

716121

716253

716274

716290

716338

716388

716684

716739

716766

716863

716874

716891

717057

717283

717319

717335

717344

717532

717613

717707

717740

717780

717910

717911

718010

718265

718361

718442

718571

718717

718725

718799

718821

718885

718908

718960

719061

719172

719294

719507

719664

719818

719883

719959

720111

720195

720326

720427

720455

720483

720820

720874

720922

720960

721116

721354

721485

721493

721592

721829

721885

721905

721966

722056

722075

722175

722473

722520

722540

722549

722629

722715

722771

722854

722908

722910

723040

723058

723357

723457

723504

723557

723674

723807

723810

723856

724041

724051

724057

724141

724258

724268

724326

724439

724576

724578

724767

724814

725186

725245

725356

725372

725522

725532

725542

725594

725673

725890

725948

725951

725958

725961

726006

726347

726387

726595

726635

726683

726709

726739

726781

726809

726813

726816

726903

726960

727058

727072

727304

727324

727349

727421

727434

727486

727679

727853

727928

727929

727937

728315

728330

728337

728353

728487

728495

728548

728582

728701

728714

728937

728968

729079

729119

729123

729267

729536

729553

729570

729866

730000

730015

730123

730192

730242

730331

730495

730516

730712

730733

730784

730888

730940

731037

731174

731278

731651

731659

731800

731808

731812

731904

731969

731970

732145

732422

732552

732699

732764

732911

732974

733016

733028

733205

733335

733431

733823

733856

733933

734051

734186

734385

734635

734731

734743

734753

734765

735248

735367

735530

735567

735635

735676

735786

735840

735986

736025

736196

736235

736248

736253

736275

736324

736326

736373

736407

736414

736530

736595

736664

736823

736976

737015

737081

737160

737253

737253

737320

737630

737639

737698

737789

737919

737953

737962

738034

738143

738154

738196

738340

738567

738601

738609

738733

738845

738890

738912

738928

739356

739359

739518

739608

739692

739699

739714

739723

739750

739780

739792

739923

740274

740439

740481

740524

740811

741033

741206

741443

741471

741491

741506

741528

741594

741614

741786

741787

741861

742150

742392

742413

742680

742922

743206

743226

743312

743511

743744

743775

743897

743976

744039

744086

744110

744344

744392

744420

744422

744468

744524

744639

744679

744864

744870

744893

745065

745132

745309

745361

745372

745437

745580

745751

745874

745988

745992

746014

746073

746094

746119

746123

746186

746274

746525

746701

746757

746771

746946

746981

747010

747081

747165

747172

747236

747241

747266

747292

747341

747442

747580

747596

747610

747616

748066

748142

748271

748444

748713

748756

748789

748840

748852

748862

748941

749124

749131

749135

749247

749385

749408

749487

749618

749940

749966

750137

750280

750315

750524

750534

750590

750601

750640

750640

750640

750747

750802

750855

750894

751046

751138

751212

751484

751630

751652

751692

751871

751962

751993

752096

752275

752475

752575

752630

752651

752677

752821

752824

752953

753149

753190

753313

753417

753605

753659

753835

753969

754016

754045

754237

754258

754320

754368

754465

754604

754643

754662

755186

755412

755511

755557

755613

755713

755936

756004

756176

756355

756456

756470

756504

756531

756704

756762

756779

756811

756926

756969

757014

757225

757247

757295

757340

757386

757396

757468

757671

757707

757731

757742

757788

757837

758002

758130

758217

758278

758463

758469

758477

758535

758614

758930

759140

759381

759562

759614

759657

759673

759674

759712

759965

760117

760276

760295

760367

760449

760522

760553

760553

760684

760781

760915

760920

760990

761075

761135

761185

761255

761406

761532

761551

761717

761788

761826

761861

761922

761959

761986

761997

762123

762128

762400

762416

762628

762778

762814

762856

762885

763052

763054

763086

763160

763357

763376

763770

763807

763904

764171

764242

764246

764315

764495

764749

765006

765043

765193

765449

765537

765561

765647

765683

765945

766075

766301

766320

766354

766443

766458

766500

766527

766578

766664

766845

767029

767032

767213

767295

767359

767422

767424

767642

767708

767758

767758

767765

767812

767923

768125

768227

768401

768468

768483

768889

768944

769006

769047

769286

769571

769608

769947

770028

770088

770350

770357

770404

770552

770693

770822

770845

771016

771157

771242

771304

771541

771581

771780

771785

771963

772216

772347

772392

772538

772550

772572

772587

772624

772864

772934

772968

773029

773094

773251

773265

773321

773347

773359

773377

773379

773590

773660

773815

773997

774142

774153

774500

774782

775078

775184

775274

775287

775682

775945

775998

776051

776116

776179

776218

776461

776573

776595

776597

776660

776920

776988

777263

777323

777459

777552

777619

777725

777807

777889

777921

777924

778100

778112

778175

778288

778303

778576

778582

778680

778839

778924

778968

779073

779160

779178

779186

779521

779894

779976

779977

780090

780095

780125

780356

780495

780707

780733

780965

781015

781058

781160

781350

781500

781903

782053

782421

782624

782756

782783

782864

783117

783170

783334

783362

783726

783755

783912

783951

783972

784049

784092

784586

784646

784648

784720

784917

784939

785131

785297

785379

785660

785729

785767

785770

786221

786275

786382

786488

786501

786584

786655

786662

786787

787068

787072

787100

787226

787267

787300

787360

787444

787565

787579

787698

787713

787841

787877

788028

788078

788296

788411

788415

788571

788591

788916

788946

789042

789212

789259

789281

789344

789381

789441

789525

789643

789714

789885

789895

790055

790079

790108

790220

790421

790550

790579

790691

790757

790774

790959

791014

791062

791274

791329

791516

791596

791604

791633

791857

792568

792590

792682

792767

792866

792989

793053

793142

793231

793361

793428

793502

793568

793634

793892

793962

793994

794188

794238

794261

794359

794362

794366

794480

794598

794681

794841

795079

795100

795557

795656

795829

795887

795935

795968

796005

796209

796293

796320

796362

796446

796487

796649

796691

796761

796821

796937

797028

797058

797062

797261

797474

797538

797688

797786

797923

797929

797950

798099

798158

798167

798232

798306

798321

798331

798346

798352

798431

798923

799017

799077

799204

799259

799380

799505

799688

799839

799856

799987

799990

800091

800135

800261

800378

800390

800410

800435

800465

800518

800654

800679

800729

800747

800801

800811

800818

800847

800875

800950

801049

801109

801300

801330

801373

801377

801453

801507

801581

801615

801660

801846

801860

801882

801910

801950

802193

802212

802432

802499

802707

802836

802922

802973

803045

803114

803363

803404

803409

803578

803620

803660

803751

803759

803930

804013

804022

804050

804065

804108

804156

804272

804404

804590

804632

805086

805098

805147

805162

805217

805224

805275

805297

805427

805755

805775

805786

805970

805974

806039

806108

806135

806213

806305

806314

806346

806393

806436

806533

806553

806738

806820

806955

807238

807318

807358

807444

807456

807564

807569

807574

807940

808242

808330

808487

808598

808676

808733

809083

809154

809215

809245

809279

809289

809400

809487

809520

809531

809620

809751

809799

809847

810022

810437

810668

810672

810683

810718

810725

810766

810788

810791

810877

810993

811041

811093

811104

811216

811548

811631

811716

811774

811867

811952

811958

812115

812165

812189

812496

812740

812771

813024

813125

813170

813305

813312

813534

813651

813974

814083

814095

814113

814222

814369

814669

814725

814740

814854

815085

815093

815217

815233

815340

815496

815572

815620

815876

815893

816086

816218

816256

816330

816358

816429

816469

816535

816660

816734

816938

817103

817167

817345

817401

817504

817602

817606

817678

817764

817819

817879

818189

818220

818310

819021

819165

819340

819475

819478

819583

819704

819751

819842

819988

820082

820085

820118

820195

820421

820528

820703

820775

820792

820831

820881

821013

821053

821058

821093

821210

821224

821237

821337

821361

821368

821380

821479

821498

821530

821549

821874

822037

822077

822518

822622

822628

822642

822684

822757

822967

823030

823059

823073

823165

823401

823463

823471

823510

823543

823553

823628

823696

823702

823721

823983

824009

824167

824413

824574

824618

824635

824649

824667

824668

824862

824868

824896

824981

825026

825038

825043

825102

825427

825474

825682

825725

825744

825900

826212

826314

826521

826663

826813

827108

827177

827179

827205

827215

827295

827738

827739

827838

827954

827968

828201

828509

828679

828705

828886

828913

828974

829030

829042

829116

829167

829376

829425

829480

829539

829612

829668

829747

829800

829823

829991

830026

830037

830040

830079

830130

830162

830235

830300

830339

830363

830549

830621

830789

830968

831085

831137

831177

831241

831249

831272

831322

831516

831586

831962

832291

832398

832406

832413

833004

833248

833515

833553

833679

833699

833847

834009

834140

834201

834236

834258

834373

834407

834558

834758

834849

835029

835083

835195

835218

835587

835613

835858

835860

835901

835942

836060

836241

836265

836401

836457

836510

836605

836684

836766

836776

836830

836862

836905

837003

837022

837052

837054

837057

837445

837512

837513

837783

837809

837845

838203

838217

838298

838321

838333

838353

838432

838435

838452

838635

838648

838659

838691

838709

838928

839059

839161

839538

839558

839578

839588

839698

839807

839819

839896

839901

839926

839994

840011

840251

840415

840555

840560

840619

840712

840731

840841

840972

841014

841027

841029

841063

841088

841161

841312

841458

841474

841640

841742

841933

841966

842182

842208

842297

842308

842384

842584

842616

842689

842760

842904

842982

843056

843089

843105

843129

843134

843141

843186

843304

843369

844040

844090

844143

844248

844280

844387

844405

844482

844498

844538

844837

844920

845125

845164

845378

845411

845508

845625

845722

845785

845821

845896

846129

846132

846163

846221

846236

846387

846577

846654

846728

846929

846960

846979

846997

847018

847094

847110

847231

847307

847382

847756

847789

847812

847890

848034

848148

848236

848279

848387

848616

848628

848653

848699

848768

848811

848917

849309

849461

849466

849476

849565

849681

849695

849751

849818

849877

849901

850044

850228

850352

850365

850382

850392

850626

850712

850738

850746

850945

851035

851097

851176

851225

851301

851372

851500

852092

852109

852155

852235

852304

852327

852604

852829

852906

853267

853331

853466

853502

853556

853583

853737

853981

854006

854092

854295

854343

854435

854828

854907

855026

855091

855246

855339

855433

855492

855597

855741

855764

855848

855886

855975

856115

856522

856557

856633

856676

856734

856777

857138

857141

857204

857212

857279

857300

857442

857497

857678

857763

857781

857787

857956

858142

858201

858417

858737

859029

859308

859315

859399

859425

859473

859619

860004

860292

860389

860549

860568

860611

860700

860822

860832

860870

861128

861219

861401

861561

861585

861737

861789

861811

862049

862166

862168

862179

862210

862347

862392

862415

862582

862602

862650

862650

862707

862717

862817

862837

862916

862989

863089

863271

863392

863448

863502

863645

863961

864038

864042

864044

864078

864475

864616

864791

864849

864969

865061

865086

865240

865545

865558

865910

865918

866078

866127

866244

866288

866341

866428

866709

866806

866912

866934

867228

867383

867498

867766

867790

867822

867912

868168

868186

868294

868311

868335

868498

868556

868588

868666

868729

868869

868880

868909

869058

869062

869117

869125

869138

869154

869180

869230

869277

869436

869473

869650

869880

869926

869929

869956

870163

870270

870378

870646

870875

870878

871059

871095

871184

871348

871377

871382

871527

871724

871863

871867

871976

871984

872006

872036

872066

872251

872378

872520

872789

872795

872836

872923

873003

873033

873035

873272

873295

873319

873321

873345

873391

873454

873711

873888

874012

874037

874411

874437

874525

874585

875163

875199

875380

875403

875417

875480

875608

875746

875884

875892

876417

876689

876765

876773

876912

877040

877045

877064

877072

877136

877467

877512

877519

877535

877557

877771

877784

877804

877892

877956

878203

878433

878465

878503

878550

878595

878744

878911

879094

879254

879378

879399

879507

879563

879613

879996

880139

880152

880180

880381

880720

880763

880882

880928

881056

881200

881228

881466

881965

882022

882123

882258

882350

882406

882602

882627

882708

882895

883089

883113

883205

883228

883274

883386

883454

883487

883506

883576

883583

883665

883753

883898

883907

884028

884153

884198

884532

884586

884822

884918

884919

884965

884971

885309

885389

885672

885763

885810

886094

886107

886181

886246

886275

886277

886538

886564

886690

886728

886775

886793

887190

887521

887578

887578

887580

887714

887812

887900

887927

888119

888153

888236

888261

888422

888436

888469

888551

888685

888775

889491

889800

889854

890054

890127

890148

890286

890301

890327

890356

890416

890643

890684

890703

890737

890904

890950

890956

890981

891014

891088

891118

891131

891283

891419

891441

891595

891762

892115

892119

892175

892336

892440

892570

892604

892633

892641

892721

892836

893085

893155

893184

893342

893740

893792

893822

893911

894079

894406

894408

894556

894659

894689

894731

895127

895176

895661

895729

895798

895828

895830

895982

895992

896249

896309

896310

896408

896682

896889

896978

897151

897232

897341

897398

897501

897637

897726

897737

897776

897829

897908

898011

898227

898251

898397

898466

898503

898689

898760

898845

898922

899025

899042

899165

899318

899362

899490

899495

899543

899622

899768

899964

900240

900274

900296

900360

900565

900804

900838

900963

901046

901072

901190

901276

901365

901380

901483

901497

901602

901671

901776

901816

901826

901918

902040

902259

902398

902636

902652

902899

903009

903049

903146

903160

903211

903228

903315

903399

903497

903781

903873

903914

903964

904063

904079

904145

904296

904323

904598

904637

904757

904852

904883

905083

905147

905241

905560

905565

905674

905810

905928

905938

906051

906152

906249

906344

906366

906421

906776

906964

907019

907026

907057

907268

907434

907716

907723

907766

907808

907876

907891

907919

908009

908032

908079

908188

908280

908362

908416

908501

908544

908632

908865

909110

909242

909395

909509

909524

909540

909807

909815

909869

909911

909923

910160

910321

910362

910427

910459

910487

910513

910684

910815

910907

910992

911049

911258

911316

911588

911675

911750

911784

911930

912214

912248

912314

912385

912430

912587

912686

912834

912862

912863

912954

913174

913268

913400

913504

913694

913834

913859

913862

914078

914155

914198

914303

914427

914514

914520

914608

914736

914757

914766

914978

914999

915018

915042

915093

915319

915444

915456

915474

915744

915929

916038

916046

916057

916126

916146

916303

916308

916425

916459

916568

916706

916921

916982

917007

917069

917190

917245

917294

917305

917464

917556

917560

917598

917653

917916

918274

918380

918426

918518

918662

918724

918811

918834

918870

918915

919060

919067

919114

919358

919435

919752

919896

919952

919977

920142

920230

920327

920332

920403

920458

920542

920619

920707

920750

920797

921088

921113

921135

921241

921270

921282

921385

921546

921619

921768

921784

921798

921936

921973

922143

922223

922326

922329

922372

922543

922908

922930

923037

923062

923107

923108

923328

923359

923642

923754

923949

923976

924346

924479

924507

924657

924707

924841

924860

924999

925092

925171

925201

925272

926020

926081

926113

926141

926150

926161

926191

926263

926358

926465

926499

926552

926599

926987

926997

926998

927021

927055

927070

927169

927188

927211

927234

927311

927313

927740

928029

928143

928158

928570

928764

928778

928861

928938

929049

929212

929329

929363

929457

929472

929479

929518

929782

930211

930219

930227

930431

930553

930571

930572

930783

930790

930873

931113

931143

931622

931706

931743

931769

931887

931929

932167

932172

932300

932413

932652

932763

932860

932895

932920

932950

933281

933288

933839

934011

934172

934182

934297

934461

934479

934490

934520

934771

934839

934860

934872

934913

935009

935195

935221

935300

935388

935477

935513

935548

935558

935604

935697

935815

935869

935991

935996

936102

936155

936246

936308

936371

936438

936470

936481

936495

936548

936946

937082

937326

937338

937364

937412

937458

937581

937787

937901

938019

938023

938129

938132

938135

938146

938156

938237

938287

938305

938320

938342

938478

938520

938536

938555

938618

938639

938951

939029

939043

939234

939455

939552

939554

939676

939773

939856

939870

940030

940100

940121

940370

940379

940568

940583

940592

940802

940973

941047

941138

941159

941178

941230

941274

941301

941324

941395

941469

941523

941662

941801

941954

941977

942215

942413

942556

942605

942654

942766

942816

942833

943042

943042

943186

943338

943634

943646

943775

943834

943966

943968

944011

944081

944153

944475

944560

944603

944671

944741

944891

945047

945085

945217

945252

945347

945490

945544

945580

945694

945719

946033

946036

946044

946265

946349

946440

946626

946656

946818

947007

947153

947350

947383

947539

947578

947583

947665

947748

947836

947866

947877

947907

947996

948558

948659

948760

948774

948836

948860

948866

949194

949224

949263

949443

949455

949493

949512

949701

949738

949835

949884

949922

949929

950076

950080

950099

950121

950148

950287

950303

950363

950431

950433

950536

950726

950788

950885

950982

951034

951042

951060

951099

951115

951338

951397

951407

951427

951951

951971

951992

952033

952097

952128

952190

952233

952413

952560

952601

952780

952851

953018

953151

953221

953313

953563

953563

953768

953870

953930

953965

954159

954231

954270

954274

954300

954326

954335

954411

954704

954781

955173

955325

955901

955902

956033

956426

956484

956512

956555

956752

956775

956923

957094

957403

957474

957517

957658

957845

958028

958362

958501

958660

958780

958795

958833

958869

958906

958917

959006

959216

959471

959747

959793

959990

960009

960152

960262

960462

960618

960628

960634

960639

960807

960884

960982

960998

961016

961274

961329

961459

961494

961522

961645

961899

962030

962051

962189

962227

962281

962287

962362

962389

962396

962416

962510

962717

962754

962807

962845

962893

962923

962925

962941

962981

963014

963114

963167

963182

963412

963475

963560

963742

963859

963864

964038

964184

964273

964312

964362

964484

964487

964597

964626

965270

965501

965566

965763

965825

966127

966141

966237

966344

966395

966459

966534

966603

966610

966639

966650

966777

966818

966923

966940

967097

967218

967333

967377

967765

967912

967932

968061

968071

968253

968305

968333

968337

968399

968445

968471

968486

968681

968707

968717

968876

969008

969042

969119

969147

969177

969211

969258

969293

969377

969581

969875

969947

969953

970050

970105

970340

970373

970405

970485

970681

970845

970911

970977

971069

971128

971153

971219

971259

971406

971422

971438

971461

971481

971482

971744

971998

972116

972238

972288

972323

972381

972395

972395

972556

972577

972849

973049

973130

973259

973308

973444

973500

973520

973551

973702

973751

973849

973998

974051

974175

974213

974290

974345

974479

974517

974581

974588

974748

974903

974939

974996

975063

975085

975125

975238

975240

975264

975293

975688

975789

975876

975894

975929

975950

976070

976088

976105

976160

976619

976806

976825

976908

976950

977000

977066

977144

977176

977191

977329

977455

977680

977771

978118

978135

978203

978224

978243

978368

978371

978471

978674

978677

978990

979208

979238

979296

979362

979451

979562

979648

979700

979762

979962

980288

980533

980677

980852

980952

980990

980999

981045

981178

981344

981369

981408

981409

981625

981639

981887

981888

982015

982087

982126

982290

982293

982565

982586

982607

982607

982702

982827

982895

982921

982954

982990

983032

983171

983349

983431

983529

983574

983644

983747

983822

983920

984063

984385

984424

984691

984843

984868

984894

984952

985114

985373

985609

985778

985815

985823

985860

985973

986084

986239

986330

986351

986495

986596

986921

987083

987230

987448

987928

988166

988241

988301

988314

988343

988562

988584

988744

988753

988818

988837

988839

988864

988945

989039

989085

989187

989285

989327

989358

989411

989451

989515

989553

989580

989582

989583

989619

989793

989831

989902

989968

989979

990026

990039

990526

990544

990707

990712

990917

990988

990999

991065

991227

991428

991521

991571

991572

991610

991675

991769

991956

991983

992025

992144

992212

992298

992357

992615

992659

992962

993196

993497

993508

993670

993737

993751

993778

993779

994124

994150

994256

994351

994404

994425

994456

994662

995198

995248

995331

995388

995478

995563

995616

995759

995759

995873

995973

995988

995996

996106

996145

996444

996445

996500

996635

996799

996835

996850

997033

997074

997185

997213

997346

997468

997477

997511

997576

997586

997762

997869

997967

998022

998030

998311

998501

998597

998616

998645

998686

998722

998763

998789

998825

998825

998940

998997

999052

999075

999324

999404

999455

999520

999766

999827

999838

999855

